-0.136 -2.884
-0.596 -0.25
0.407 0.092
-0.394 -0.24
0.621 -0.165
0.555 0.981
-0.99 -1.389
1.217 -1.227
-0.137 0.742
-1.409 1.782
-1.201 0.805
1.539 -0.92
0.811 -0.678
1.39 0.392
-0.79 0.317
1.064 0.795
0.214 0.689
1.136 0.189
0.541 1.379
1.528 -0.334
0.322 -1.666
-0.243 -0.402
0.95 0.161
0.071 0.898
-1.115 0.183
-0.244 1.326
1.623 -1.232
-1.742 -0.379
1.291 -0.004
-0.163 1.332
-0.948 -0.254
0.594 -0.051
-2.064 0.595
-0.34 -0.522
-0.315 -0.031
0.451 0.908
-1.188 -0.216
-0.998 1.234
-0.177 0.833
1.033 0.972
0.203 0.874
-0.327 -1.416
-0.015 0.118
-0.33 -0.139
-1.21 -0.705
-0.358 -0.141
-0.317 1.56
-0.807 -1.533
-0.083 -1.415
0.55 -1.111
