-1.646 1
-1.235 1
0.306 1
1.354 1
0.416 1
2.148 1
-0.806 1
1.094 1
2.131 1
2.561 1
-0.752 1
-1.603 1
-0.828 1
0.241 1
0.048 1
-2.124 1
-0.174 1
0.328 1
-1.762 1
-1.03 1
0.098 1
1.08 1
-0.561 1
1.47 1
-0.317 1
1.878 1
1.263 1
0.677 1
-0.051 1
-0.044 1
1.758 1
0.345 1
-0.3 1
-2.042 1
-0.261 1
0.166 1
0.258 1
0.373 1
0.71 1
0.394 1
-0.015 1
-0.079 1
-1.291 1
0.629 1
-2.026 1
0.612 1
-0.371 1
0.808 1
0.461 1
-0.878 1
2.559 2
0.566 2
-4.223 2
4.227 2
-6.855 2
2.604 2
-3.309 2
-1.093 2
0.975 2
0.278 2
-1.439 2
3.735 2
0.534 2
4.735 2
1.179 2
-3.552 2
7.162 2
4.456 2
-0.066 2
-5.321 2
14.28 2
-7.146 2
-2.705 2
0.253 2
-0.707 2
0.378 2
2.475 2
6.647 2
0.579 2
-3.422 2
-2.706 2
0.802 2
4.868 2
3.137 2
-5.466 2
4.571 2
5.76 2
-1.574 2
3.346 2
-1.301 2
2.294 2
0.077 2
5.591 2
2.816 2
3.616 2
2.709 2
5.029 2
-1.694 2
0.598 2
4.3 2
