0.182 2.676
0.684 3.481
-1.251 0.381
0.786 3.644
1.352 4.55
-0.846 1.029
0.747 3.581
0.604 3.352
-1.159 0.529
0.298 2.862
-2.041 -0.884
-0.154 2.138
1.782 5.239
0.905 3.835
1.231 4.357
-0.626 1.382
-0.877 0.98
-0.292 1.918
1.271 4.42
0.088 2.526
0.154 2.632
-1.094 0.633
1.29 4.452
0.49 3.169
0.285 2.841
-0.456 1.655
-0.504 1.577
1.239 4.369
0.48 3.153
-0.335 1.848
-1.128 0.578
0.899 3.825
-0.843 1.034
0.132 2.596
-0.264 1.962
0.29 2.849
-0.229 2.018
-0.129 2.178
-1.606 -0.187
0.125 2.585
1.385 4.604
0.77 3.619
1.589 4.93
1.819 5.298
0.079 2.511
-1.634 -0.233
-0.119 2.195
0.622 3.381
0.24 2.77
-0.613 1.403
